1
蔡英文 Tsai Ing-wen
1 887 132
2 176 941
2
馬英九
1 531 124
1 862 592
3
柯文哲
1 387 954
1 509 676
4
陳菊 (花媽) 市長
1 002 470
1 053 959
5
蘇貞昌
821 612
854 146
6
朱立倫
797 068
853 390
7
賴清德
634 474
667 817
8
民主進步黨
623 768
654 505
9
宋楚瑜
567 648
577 144
10
林佳龍
506 520
532 774
11
中國國民黨 KMT
414 183
534 192
12
洪秀柱
312 165
357 576
13
連勝文
268 843
285 716
15
游錫堃
201 883
216 045
16
鄭文燦
193 202
221 464
17
蔡正元
192 052
227 014
18
馮光遠
183 943
198 002
19
柯建銘
177 978
195 720
20
BillyPan 潘建志醫師
167 513
178 448
21
王丹网站 Wang Dan's Page
153 514
239 893
22
宋楚瑜找朋友
129 662
137 266
23
林智堅
112 441
127 950
24
島國前進 Taiwan March
110 342
120 002
25
楊實秋
108 444
115 096
26
徐欣瑩
102 373
106 979
27
蔣萬安
87 223
97 619
28
台灣新力量/羅致政粉絲團
84 361
87 859
29
民國黨
67 910
69 725
30
苗博雅 MiaoPoya
56 804
61 832
31
林右昌UChange
55 208
57 868
32
徐巧芯
49 968
56 887
33
王如玄
47 986
49 171
34
社會民主黨
39 334
43 694
36
鄭正鈐
37 643
38 524
37
鍾佳濱
37 620
39 952
38
費鴻泰（阿力克司）
35 625
51 786
39
周守訓
34 108
35 454
40
好立委 楊瓊瓔
32 284
54 895
41
江啟臣服務讚
31 715
33 975
42
蔡錦隆加油讚
31 480
32 329
45
台北市議員徐弘庭
23 411
25 389
46
呂欣潔 Jennifer Lu
22 948
25 463
47
大安推范雲
22 112
23 820
50
吳志剛
19 627
20 052
51
鄭永金後援會
19 431
21 032
52
邱鏡淳
17 801
23 069
53
民進黨台灣民主學院
17 784
18 614
55
王金平
17 191
19 127
56
徐耀昌加油讚
16 772
19 250
57
林志嘉
16 350
17 184
59
黃適卓
16 154
16 659
60
綠黨桃竹苗支黨部
15 873
17 522
61
捍衛苗栗青年聯盟
15 764
17 044
63
台北。生生不息。王閔生
15 328
15 731
64
施明德
14 358
15 642
65
吳宜臻
13 370
13 808
67
幸福好粽 鍾易仲
12 821
13 088
69
華隆工會在罷工！
12 363
13 360
70
趙正宇
11 253
16 487
72
社會民主連線
10 411
84 614
