1
蔡英文 Tsai Ing-wen
2 176 941
2
馬英九
1 862 592
3
柯文哲
1 509 676
4
陳菊 (花媽) 市長
1 053 959
5
蘇貞昌
854 092
6
朱立倫
853 390
7
賴清德
667 817
8
民主進步黨
654 505
9
宋楚瑜
577 144
10
中國國民黨 KMT
534 147
11
林佳龍
532 774
12
洪秀柱
357 576
13
連勝文
285 716
14
蔡正元
227 014
15
游錫堃
215 958
16
鄭文燦
203 611
17
馮光遠
198 002
18
柯建銘
195 720
19
BillyPan 潘建志醫師
178 448
20
宋楚瑜找朋友
137 266
21
島國前進 Taiwan March
120 002
22
林智堅
115 876
23
楊實秋
115 096
24
徐欣瑩
106 979
25
蔣萬安
97 619
26
台灣新力量/羅致政粉絲團
87 859
27
民國黨
69 725
28
苗博雅 MiaoPoya
61 832
29
林右昌UChange
57 249
30
徐巧芯
56 828
31
好立委 楊瓊瓔
54 895
32
費鴻泰（阿力克司）
51 786
33
王如玄
49 171
34
社會民主黨
43 694
35
鍾佳濱
39 946
36
鄭正鈐
38 524
37
周守訓
35 454
38
江啟臣服務讚
33 975
39
蔡錦隆加油讚
32 325
40
呂欣潔 Jennifer Lu
25 463
41
台北市議員徐弘庭
25 389
42
大安推范雲
23 819
43
邱鏡淳
22 037
44
鄭永金後援會
21 032
45
吳志剛
20 052
46
王金平
19 127
47
民進黨台灣民主學院
18 614
48
徐耀昌加油讚
17 745
49
綠黨桃竹苗支黨部
17 522
50
林志嘉
17 184
51
捍衛苗栗青年聯盟
17 044
52
黃適卓
16 658
53
趙正宇
16 487
54
台北。生生不息。王閔生
15 731
55
施明德
15 642
56
黃秀霜
14 552
57
吳宜臻
13 808
58
華隆工會在罷工！
13 360
59
幸福好粽 鍾易仲
13 088
60
黃韻涵粉絲頁
10 500
